
function[r_aa,x_aa,r_ab,x_ab,r_ac,x_ac]=configurations(code)
Z_21=[0.0000 + 0.0000i   0.0000 + 0.0000i   0.0000 + 0.0000i
   0.0000 + 0.0000i   0.2355 + 1.0421i   0.0000 + 0.0000i
   0.0000 + 0.0000i   0.0000 + 0.0000i   0.0000 + 0.0000i];

Z_22=[0.0657 + 0.9096i   0.0288 + 0.3035i   0.0288 + 0.3035i
   0.0288 + 0.3035i   0.0657 + 0.9096i   0.0288 + 0.3035i
   0.0288 + 0.3035i   0.0288 + 0.3035i   0.0657 + 0.9096i];

Z_23=[0.2355 + 1.0421i   0.0695 + 0.3373i   0.0695 + 0.3373i
   0.0695 + 0.3373i   0.2355 + 1.0421i   0.0695 + 0.3373i
   0.0695 + 0.3373i   0.0695 + 0.3373i   0.2355 + 1.0421i];

Z_24=[0.2355 + 1.0421i   0.0000 + 0.0000i   0.0000 + 0.0000i
   0.0000 + 0.0000i   0.0000 + 0.0000i   0.0000 + 0.0000i
   0.0000 + 0.0000i   0.0000 + 0.0000i   0.0000 + 0.0000i];

Z_25=[0.0000 + 0.0000i   0.0000 + 0.0000i   0.0000 + 0.0000i
   0.0000 + 0.0000i   0.3805 + 1.2414i   0.0000 + 0.0000i
   0.0000 + 0.0000i   0.0000 + 0.0000i   0.0000 + 0.0000i];

Z_26=[0.0000 + 0.0000i   0.0000 + 0.0000i   0.0000 + 0.0000i
   0.0000 + 0.0000i   1.7617 + 1.3083i   0.0000 + 0.0000i
   0.0000 + 0.0000i   0.0000 + 0.0000i   0.0000 + 0.0000i];

Z_27=[ 0.0657 + 0.9096i   0.0000 + 0.0000i   0.0000 + 0.0000i
   0.0000 + 0.0000i   0.0000 + 0.0000i   0.0000 + 0.0000i
   0.0000 + 0.0000i   0.0000 + 0.0000i   0.0000 + 0.0000i];

Z_28=[0.0657 + 0.9096i   0.0288 + 0.3035i   0.0000 + 0.0000i
   0.0288 + 0.3035i   0.0657 + 0.9096i   0.0000 + 0.0000i
   0.0000 + 0.0000i   0.0000 + 0.0000i   0.0000 + 0.0000i];

Z_29=[0.0657 + 0.9096i   0.0000 + 0.0000i   0.0000 + 0.0000i
   0.0000 + 0.0000i   0.0000 + 0.0000i   0.0000 + 0.0000i
   0.0000 + 0.0000i   0.0000 + 0.0000i   0.0000 + 0.0000i];

Z_30=[1.7617 + 1.3083i   0.2617 + 0.5315i   0.2617 + 0.5315i
   0.2617 + 0.5315i   1.7617 + 1.3083i   0.2617 + 0.5315i
   0.2617 + 0.5315i   0.2617 + 0.5315i   1.7617 + 1.3083i];

Z_31=[0.0000 + 0.0000i   0.0000 + 0.0000i   0.0000 + 0.0000i
   0.0000 + 0.0000i   1.1891 + 1.1525i   0.0000 + 0.0000i
   0.0000 + 0.0000i   0.0000 + 0.0000i   0.0000 + 0.0000i];

Z_32=[0.0657 + 0.9096i   0.0288 + 0.3035i   0.0288 + 0.3035i
   0.0288 + 0.3035i   0.0657 + 0.9096i   0.0288 + 0.3035i
   0.0288 + 0.3035i   0.0288 + 0.3035i   0.0657 + 0.9096i];

Z_33=[ 0.0000 + 0.0000i   0.0000 + 0.0000i   0.0000 + 0.0000i
   0.0000 + 0.0000i   0.0000 + 0.0000i   0.0000 + 0.0000i
   0.0000 + 0.0000i   0.0000 + 0.0000i   1.1737 + 1.1933i];

Z_34=[1.1891 + 1.1525i   0.2361 + 0.4416i   0.2361 + 0.4416i
   0.2361 + 0.4416i   1.1891 + 1.1525i   0.2361 + 0.4416i
   0.2361 + 0.4416i   0.2361 + 0.4416i   1.1891 + 1.1525i];

Z_35=[0.1046 + 0.9572i   0.0389 + 0.3155i   0.0389 + 0.3155i
   0.0389 + 0.3155i   0.1046 + 0.9572i   0.0389 + 0.3155i
   0.0389 + 0.3155i   0.0389 + 0.3155i   0.1046 + 0.9572i];

Z_36=[];

Z_37=[0.0657 + 0.9096i   0.0288 + 0.3035i   0.0288 + 0.3035i
   0.0288 + 0.3035i   0.0657 + 0.9096i   0.0288 + 0.3035i
   0.0288 + 0.3035i   0.0288 + 0.3035i   0.0657 + 0.9096i];

Z_46=[ 0.0586 + 0.8974i   0.0268 + 0.3004i   0.0268 + 0.3004i
   0.0268 + 0.3004i   0.0586 + 0.8974i   0.0268 + 0.3004i
   0.0268 + 0.3004i   0.0268 + 0.3004i   0.0586 + 0.8974i];

Z_47=[0.0000 + 0.0000i   0.0000 + 0.0000i   0.0000 + 0.0000i
   0.0000 + 0.0000i   0.0586 + 0.8974i   0.0000 + 0.0000i
   0.0000 + 0.0000i   0.0000 + 0.0000i   0.0000 + 0.0000i];

Z_38=[0.0000 + 0.0000i   0.0000 + 0.0000i   0.0000 + 0.0000i
   0.0000 + 0.0000i   0.0000 + 0.0000i   0.0000 + 0.0000i
   0.0000 + 0.0000i   0.0000 + 0.0000i   1.3755 + 0.5168i];

Z_39=[1.2714 + 0.5160i   0.1434 - 0.0538i   0.1434 - 0.0538i
   0.1434 - 0.0538i   1.2714 + 0.5160i   0.1434 - 0.0538i
   0.1434 - 0.0538i   0.1434 - 0.0538i   1.2714 + 0.5160i];

Z_40=[ 1.3755 + 0.5168i   0.0000 + 0.0000i   0.0000 + 0.0000i
   0.0000 + 0.0000i   0.0000 + 0.0000i   0.0000 + 0.0000i
   0.0000 + 0.0000i   0.0000 + 0.0000i   0.0000 + 0.0000i];

Z_41=[ 1.8450 + 0.7989i   0.3348 + 0.0853i   0.3348 + 0.0853i
   0.3348 + 0.0853i   1.8450 + 0.7989i   0.3348 + 0.0853i
   0.3348 + 0.0853i   0.3348 + 0.0853i   1.8450 + 0.7989i];

Z_42=[0.8147 + 0.5793i   0.1894 - 0.0011i   0.1894 - 0.0011i
   0.1894 - 0.0011i   0.8147 + 0.5793i   0.1894 - 0.0011i
   0.1894 - 0.0011i   0.1894 - 0.0011i   0.8147 + 0.5793i];

Z_43=[0.2825 + 0.6900i   0.1581 + 0.1442i   0.1581 + 0.1442i
   0.1581 + 0.1442i   0.2825 + 0.6900i   0.1581 + 0.1442i
   0.1581 + 0.1442i   0.1581 + 0.1442i   0.2825 + 0.6900i];

Z_44=[ 0.0000 + 0.0000i   0.0000 + 0.0000i   0.0000 + 0.0000i
   0.0000 + 0.0000i   1.3755 + 0.5168i   0.0000 + 0.0000i
   0.0000 + 0.0000i   0.0000 + 0.0000i   0.0000 + 0.0000i];

Z_45=[0.0000 + 0.0000i   0.0000 + 0.0000i   0.0000 + 0.0000i
   0.0000 + 0.0000i   0.0000 + 0.0000i   0.0000 + 0.0000i
   0.0000 + 0.0000i   0.0000 + 0.0000i   1.9295 + 0.9188i];
